24
22
17
16
24
20
23
18
18
20
18
19
22
24
17
25
19
19
13
19
19
14
15
15
21
15
20
15
15
18
19
17
22
19
17
27
23
16
29
21
19
20
17
20
17
27
22
21
18
15
16
20
16
23
19
25
15
19
15
25
18
17
18
22
18
29
24
23
24
20
24
18
27
23
18
26
22
16
24
24
20
21
22
19
19
24
19
19
10
27
17
21
20
16
27
25
18
22
13
18
21
11
24
24
17
28
17
21
20
16
17
20
21
15
19
19
18
22
19
22
19
14
16
24
14
18
14
15
17
20
20
16
18
10
29
27
21
18
22
19
14
22
9
23
13
21
12
23
21
19
17
25
18
27
18
22
26
19
17
22
19
15
27
29
14
16
14
21
15
23
15
20
18
19
25
22
16
21
20
15
15
15
16
20
15
24
25
11
23
26
12
25
14
18
18
14
14
25
24
26
15
15
28
16
27
21
18
20
24
13
12
10
19
24
27
33
15
21
25
16
25
32
12
17
14
12
22
16
16
18
19
12
20
20
31
19
17
22
15
20
24
19
23
14
12
17
18
21
22
15
22
24
17
23
20
22
